0.310677 0.174002 0.0393129 -0.0260523 -0.0819934 -0.195523 0.490657 0.252133 0.0434012 -0.035316 -0.0985147 -0.276062 0.784186 0.381766 0.0849645 -0.0481703 -0.161481 -0.414506 0.00546784 0.00615202 0.00394511 0.00193367 0.00216072 0.00427992 0.00700282 0.00686374 0.00123757 -0.00183503 -0.00234624 0.00345697 0.0103531 0.000298518 -0.00353921 -0.00562041 -0.00524434 -0.00212594 0.0121725 0.00840246 0.00603786 
-2.48636 2.54326 3.27633 -0.387252 -3.82959 -1.54726 9.66015 14.3819 7.36006 -0.715512 -8.94547 -14.4885 34.3772 22.911 8.35955 -0.789713 -10.4442 -25.4999 0.569482 2.67634 0.721279 0.0430808 1.13028 2.41755 15.0332 6.15737 0.789074 0.0379205 1.26029 7.94553 24.5706 4.48695 0.200165 -0.0330005 0.404774 7.07328 0.139625 2.47589 3.38484 
16.1792 9.34386 3.17847 0.053411 -3.07106 -8.99251 16.305 6.98382 1.54404 0.041316 -1.45133 -6.77555 9.73132 2.55375 0.268416 0.0203798 -0.254615 -2.56537 -5.05119 -2.49933 -0.554486 -0.093676 -0.524909 -2.28136 -9.17928 -3.54712 -0.589215 -0.100175 -0.587162 -3.41604 -10.5017 -3.04769 -0.413151 -0.0666436 -0.410804 -3.13501 -4.55993 -3.63472 -2.96412 
7.56663 4.24266 1.39258 0.0346896 -1.33662 -4.18977 7.76989 3.12471 0.483194 0.0170468 -0.423559 -2.85656 4.16817 0.700691 -0.144782 0.0100922 0.167168 -0.531081 8.61558 4.41445 1.03094 0.175252 0.893888 3.92452 14.8064 6.03678 0.908532 0.139574 0.802777 5.34387 15.2296 4.14617 0.420534 0.0720925 0.390039 3.65919 8.05907 6.18271 4.96772 
40.091 27.7952 10.8423 -0.806933 -13.6206 -28.831 55.0663 30.5401 11.2669 -0.8298 -13.6672 -33.9669 59.5062 30.9493 10.189 -0.651753 -12.4754 -34.9668 23.0196 7.49647 0.852287 0.0448722 1.27816 8.50396 24.056 4.53253 0.346424 -0.0413236 0.513263 6.08043 13.1157 1.13649 -0.372026 -0.123491 -0.578725 2.36111 22.8894 13.5263 9.02318 
6.45204 5.02384 2.74305 0.327119 -2.16663 -4.63228 10.4861 7.77173 3.61838 0.397156 -2.78754 -6.97087 14.572 9.48234 3.49634 0.413168 -2.57491 -8.18944 0.289788 0.20769 0.0811146 0.0119964 0.0290069 0.137936 0.761357 0.500434 0.121489 0.0142778 0.0417523 0.277293 1.27074 0.579494 0.0978352 0.0267937 0.0418756 0.287101 0.270212 0.251709 0.233443 
9.36754 9.05123 3.89167 -1.47723 -6.6536 -9.18997 21.8359 12.5088 3.94415 -1.53242 -7.76802 -17.6001 27.1508 10.5879 2.42694 -1.27204 -5.9277 -17.9631 10.0651 3.2215 0.349911 0.0704599 1.36341 5.83592 15.6692 1.98566 -0.035978 -0.0587822 0.606878 7.27203 8.0654 -0.785416 -0.419264 -0.231744 -0.204587 2.04974 9.00176 7.11082 5.61128 
6.42705 9.48582 6.06256 0.0722442 -6.14856 -9.07892 23.9203 18.9254 8.16883 0.134463 -8.04908 -18.7937 38.436 21.6793 7.30458 0.181808 -6.94532 -21.3818 -10.0823 -5.80313 -1.10481 -0.0907515 -1.13605 -5.28793 -21.6859 -7.04127 -0.975339 -0.121663 -0.976241 -6.62142 -20.2095 -5.88722 -0.901444 -0.178652 -1.10498 -5.83995 -9.09875 -8.13252 -6.83992 
1.57568 1.75878 1.225 -0.0774433 -1.30815 -1.6972 4.79933 4.49254 2.11881 -0.149079 -2.40846 -4.51305 10.2055 6.06171 1.94006 -0.169062 -2.35654 -6.64094 0.991144 0.736785 0.222851 0.0354918 0.277505 0.766211 3.76226 1.78907 0.296611 0.0361293 0.398983 2.06899 6.61259 1.75751 0.178147 0.0215691 0.262892 2.24129 0.88755 0.976877 0.992613 
3.12325 1.70393 0.480809 -0.0236778 -0.536279 -1.76363 2.65724 1.27111 0.288067 -0.02202 -0.340491 -1.34045 1.42291 0.621965 0.144832 -0.0236493 -0.196058 -0.682695 1.81636 1.15064 0.712734 0.650738 0.72718 1.16407 1.67937 0.980543 0.577506 0.508302 0.603562 1.02931 0.758159 0.455657 0.278985 0.237845 0.309465 0.49916 3.28114 2.0368 1.39076 
0.221836 0.702671 0.454564 -0.229166 -0.435499 -0.193973 2.80939 3.39483 0.982028 -1.43126 -2.51385 -1.82708 10.3656 5.53328 0.863874 -2.52588 -5.86616 -7.82162 -0.458105 -0.320834 -0.0565629 -0.1221 -0.40648 -0.564654 -2.77766 -1.02423 -0.124206 -0.415399 -1.59622 -2.66784 -6.85458 -1.18261 -0.0955455 -0.627108 -3.18457 -8.78144 -0.427388 -0.548486 -0.62819 
14.0237 8.92828 3.65802 -0.541455 -4.84635 -10.1746 19.05 10.3444 3.45974 -0.558266 -4.80378 -12.447 20.2689 8.81862 2.31044 -0.533546 -3.56445 -11.1737 0.510249 0.217735 0.0191764 -0.0124862 0.0846105 0.342057 1.326 0.23133 -0.0515878 -0.0244727 0.0349091 0.502145 0.943518 -0.295508 -0.156487 -0.0413091 -0.0469014 -0.0287863 0.375885 0.373439 0.341735 
11.4917 13.2407 7.25355 0.0477518 -7.34793 -12.4325 30.0731 21.6947 9.01689 0.0232111 -9.06201 -21.2484 42.3924 24.3786 8.61874 0.127711 -8.5401 -24.5001 16.0495 7.04903 1.10047 0.0567533 1.18087 6.56355 24.5459 6.66496 0.722954 0.00185861 0.688421 6.62304 18.9797 3.5013 0.101686 -0.0944477 -0.108785 3.44776 14.6552 10.8152 8.22827 
9.26544 4.75254 1.07993 -0.0322276 -1.08029 -3.80838 6.92085 2.91705 0.36519 -0.0603386 -0.57569 -2.22592 3.88633 1.54051 0.240931 -0.0315614 -0.274026 -1.26714 -17.8353 -11.6601 -2.59747 -0.55266 -1.02138 -5.58375 -18.4272 -10.954 -1.74736 -0.397313 -0.636513 -4.22135 -10.3742 -5.91264 -1.02858 -0.166352 -0.308306 -2.15303 -19.702 -12.6963 -8.91853 
43.2569 16.8614 4.37856 -2.22641 -11.416 -32.3215 36.59 8.77601 1.84407 -0.956648 -5.29758 -24.72 17.275 3.73342 0.656299 -0.551196 -2.5786 -10.5992 1.20978 -0.881854 -0.222396 -0.0850058 -0.623278 -0.0101307 -5.82801 -2.26645 -0.374478 -0.140385 -1.10135 -4.82289 -11.2254 -2.79571 -0.340736 -0.155087 -1.27974 -6.72074 1.57931 -0.167862 -0.983428 
-0.919736 1.52073 2.45366 -0.0325034 -2.50552 -1.29867 7.02777 10.7287 5.9888 -0.0910734 -6.22289 -10.5764 26.414 17.5022 6.17832 -0.116215 -6.45347 -17.6578 -0.526373 -1.71791 -0.668859 -0.0526367 -0.738032 -1.48394 -10.5163 -6.04959 -1.06306 -0.112611 -1.2489 -5.99515 -23.0662 -7.47804 -0.94793 -0.149249 -1.37576 -8.02705 -0.182993 -1.49218 -2.18496 
56.2219 33.5465 12.013 -0.81292 -14.9424 -35.503 63.3315 32.3449 11.4439 -0.783339 -13.7938 -36.0791 60.9987 30.6515 9.74477 -0.507577 -11.8298 -34.6457 -8.25914 -2.42661 -0.323411 -0.0758826 -0.381495 -2.57603 -6.51342 -1.49275 -0.328391 -0.153969 -0.346639 -1.58263 -3.96656 -2.27235 -0.764737 -0.225139 -1.17908 -2.10266 -8.55676 -4.51341 -2.81714 
0.398861 0.427919 0.412412 0.26543 -0.0189609 -0.270229 1.44568 1.15756 0.936734 0.641901 -0.0282571 -1.04903 4.36364 2.73101 2.0051 1.51258 0.416317 -1.88072 0.162521 0.196334 0.130754 0.0565015 0.0416498 0.093475 0.668304 0.620197 0.363172 0.17224 0.103192 0.277791 1.69758 1.71961 0.904019 0.516947 0.200425 0.183611 0.211228 0.209757 0.209301 
13.9825 10.4402 5.06329 0.127966 -4.92102 -10.2682 21.8302 14.0832 5.5418 0.198633 -5.20877 -13.8836 25.502 13.5805 4.17623 0.258899 -3.71982 -13.0773 -5.85527 -2.59814 -0.560721 -0.147658 -0.526292 -2.48909 -7.7645 -2.97691 -0.605719 -0.19536 -0.572156 -2.74042 -7.00302 -2.94951 -0.589106 -0.243415 -0.693274 -2.83663 -5.8478 -4.05674 -3.02799 
0.236577 0.771204 0.213912 -0.57791 -0.333721 -0.0639658 4.01688 4.6538 0.374629 -3.61169 -3.99404 -1.24031 15.7916 7.83465 -0.0624997 -6.72192 -12.3778 -11.6776 0.161369 0.235202 0.00280729 0.191789 0.304819 0.0491869 3.24503 0.852809 -0.0863092 0.729745 2.46294 2.06231 7.48628 0.131358 -0.369005 0.651339 5.42836 13.3167 -0.00170135 0.163934 0.320066 
12.3837 4.38136 1.2192 -0.411512 -2.52017 -8.31907 9.72871 2.77976 0.772509 -0.174095 -1.43951 -5.82663 5.95741 1.70068 0.504677 -0.0195284 -0.744495 -3.73382 -28.4726 -5.9043 -0.622778 -0.383009 -3.77252 -18.3241 -31.0878 -3.6442 -0.343369 -0.181718 -2.18785 -19.1506 -17.0091 -2.37353 -0.210716 -0.0904625 -1.47411 -10.0224 -27.5699 -18.9618 -13.7729 
0.459577 0.427409 0.403893 0.178745 -0.248978 -0.511659 2.00534 1.44568 1.2267 0.719785 -0.421386 -1.80369 5.86459 3.85509 2.77868 1.51122 -0.225758 -2.91367 -0.366413 -0.398182 -0.250464 -0.0881621 -0.0703994 -0.222359 -1.59398 -1.40491 -0.793619 -0.27495 -0.155235 -0.69554 -3.81726 -3.94234 -1.80237 -0.486416 -0.215531 -1.03219 -0.384914 -0.425117 -0.442062 
6.69838 3.76485 1.25667 -0.0284059 -1.33966 -4.01076 5.99092 2.55344 0.547578 -0.0380765 -0.630523 -2.74946 3.20752 0.991015 0.108318 -0.052223 -0.218332 -1.1932 -5.53316 -2.78739 -1.1847 -1.00616 -1.38975 -3.28366 -5.6961 -2.11564 -0.742757 -0.624455 -0.930672 -2.81099 -2.39049 -0.751332 -0.250156 -0.212417 -0.370069 -1.21006 -7.93998 -4.97547 -3.40808 
29.0962 15.6408 5.07894 -2.22481 -10.6825 -22.908 35.5631 13.1454 3.47234 -1.57135 -8.09832 -25.3418 27.548 8.36749 1.88649 -1.08013 -5.36926 -17.9528 17.2727 2.79181 0.183437 0.0494276 1.00724 8.61344 11.781 -0.08389 -0.218574 -0.0795301 -0.279855 3.87377 -2.17397 -1.95287 -0.368291 -0.186397 -0.762947 -2.68008 16.8957 9.74219 6.15335 
5.55005 5.47909 2.65716 -0.309713 -3.36535 -5.61557 13.2664 7.31652 2.2019 -0.117336 -2.80948 -9.05237 14.7467 4.50893 0.870825 0.116553 -0.894966 -6.14615 -6.73724 -3.57351 -0.773892 -0.11321 -1.29039 -4.27178 -18.1694 -6.51352 -0.999715 -0.162713 -1.80328 -9.15664 -27.3896 -6.37516 -0.79337 -0.172018 -1.4644 -10.5766 -5.70846 -5.4431 -5.02344 
0.743849 0.425539 0.0142428 -0.334079 -0.562089 -0.713337 1.39231 0.804046 0.0262609 -0.511313 -0.844016 -1.16202 2.50469 1.23554 -0.0202803 -0.783056 -1.25169 -1.8003 -0.00521698 0.00843905 0.0114714 0.00345616 -0.00575995 -0.0105066 -0.0534487 0.0115336 0.0172416 -0.00380427 -0.0259661 -0.0455602 -0.0628236 0.0197767 0.0381094 0.00556767 -0.0500681 -0.0883802 0.0126819 0.00230257 -0.00299313 
20.5306 15.7401 7.6607 1.47492 -4.64819 -12.184 27.022 19.224 7.84738 1.52169 -4.22478 -13.5855 28.0459 17.9855 6.02158 1.40361 -2.55522 -11.4269 3.86482 2.45055 0.428671 -0.0264431 0.0660104 1.00037 4.9576 2.40203 0.238615 -0.106569 -0.123174 0.670004 3.43432 1.0402 -0.084763 -0.178777 -0.421881 -0.417794 3.8861 2.61325 1.89784 
5.10489 4.35156 2.39654 -0.147852 -2.67522 -4.49069 10.4502 7.75241 3.37038 -0.213706 -3.81421 -8.1797 16.502 9.43922 3.07219 -0.213259 -3.62914 -10.2461 -2.24839 -1.1643 -0.293124 -0.0533273 -0.351543 -1.31919 -5.12541 -2.05348 -0.37265 -0.0624081 -0.426474 -2.39856 -6.99361 -2.20108 -0.289641 -0.0602771 -0.340101 -2.41805 -2.06353 -1.79684 -1.57028 
23.4538 8.20241 1.38591 -0.80493 -5.06962 -17.8057 14.8996 1.49775 -0.111867 0.0248662 -0.324477 -9.70201 0.688086 -0.657266 -0.272237 0.0572308 0.475682 0.365654 19.1243 5.1129 0.661699 0.35675 2.65489 12.8903 18.0892 1.43915 -0.0536116 -0.0225305 0.305389 12.0427 -1.21835 -1.37648 -0.203369 -0.170751 -0.895297 -2.40293 20.2761 13.6446 9.73272 
6.38931 6.69927 5.26769 1.40829 -2.97503 -6.56308 16.7384 14.2884 7.33893 1.8175 -3.35022 -10.5441 24.0289 17.3505 6.81874 1.83537 -2.265 -10.2974 6.51666 4.73102 1.33135 0.077991 0.336806 2.46939 13.4106 7.96701 1.35358 -0.00967847 0.160406 2.92181 14.5545 7.02663 0.738038 -0.123636 -0.211945 1.37014 5.99346 5.19572 4.40785 
35.92 22.8219 9.34716 0.552346 -8.20439 -20.6977 41.8542 24.0959 8.78983 0.525653 -7.55689 -21.5441 40.7596 21.5741 7.16672 0.537672 -5.91968 -19.4409 8.1101 3.06505 0.426602 0.0100064 0.281189 2.18585 8.2714 2.25814 0.220859 -0.0526344 0.0318741 1.61629 5.38541 0.801394 -0.145561 -0.18295 -0.444387 -0.110251 7.54358 4.53074 3.07406 
-0.159849 -0.434723 -0.0304041 0.312384 -0.325398 -0.619625 3.44311 0.886568 3.37214 2.59032 -0.787098 -4.36697 14.2111 10.7059 9.17761 4.20339 -0.657958 -6.99729 -0.190907 -0.207235 -0.461153 -0.27588 -0.0491007 -0.306673 -3.7236 -3.28134 -3.17554 -0.903235 -0.14126 -1.29835 -9.55713 -16.0333 -6.49229 -1.13769 -0.251216 -1.62641 -0.0409681 -0.276376 -0.502586 
1.98166 1.53967 0.762541 -0.0776653 -0.883548 -1.58805 3.35363 2.40193 1.01294 -0.136736 -1.23362 -2.50167 4.83216 3.00235 1.10157 -0.201886 -1.47067 -3.25704 -0.162446 -0.0837606 -0.0192125 -0.00656141 -0.0278714 -0.0954733 -0.314335 -0.095324 -0.00652168 -0.0088267 -0.0386364 -0.141386 -0.239436 0.000473257 0.0205579 -0.00828431 -0.0538188 -0.134615 -0.161353 -0.129951 -0.107157 
0.254783 0.0910908 0.141365 0.202764 -0.123407 -0.408692 2.07685 0.735302 1.68287 1.66608 -0.0434953 -2.33755 8.68705 5.68897 5.92775 3.52696 0.531112 -3.81251 0.172251 0.232256 0.226269 0.117831 0.013945 0.0942207 1.48484 1.29284 1.33195 0.504156 0.0112385 0.398665 4.23447 7.18924 3.19026 0.755101 -0.0804322 -0.106053 0.183924 0.224233 0.261743 
25.0133 12.3963 3.57238 -0.365716 -4.85371 -15.2795 21.0111 7.21992 1.34776 -0.111025 -1.83058 -9.83358 9.23311 2.07083 0.19216 -0.0109016 -0.412213 -3.08798 5.41103 0.697889 -0.0879915 -0.0379425 -0.113213 1.40924 -0.480757 -1.27437 -0.348118 -0.0867591 -0.514172 -1.62878 -6.20008 -2.04556 -0.301639 -0.0698695 -0.454696 -3.00206 5.53837 2.19719 0.791744 
2.57911 1.58061 0.556651 -0.0236215 -0.598199 -1.60886 2.49208 1.23902 0.28889 -0.0232885 -0.334356 -1.2884 1.40549 0.433417 -0.00779238 -0.0305509 -0.0508204 -0.486613 -1.0191 -0.655591 -0.359152 -0.30561 -0.38332 -0.685757 -1.22246 -0.650309 -0.296769 -0.23616 -0.341334 -0.734812 -0.913174 -0.393642 -0.146042 -0.120524 -0.213184 -0.518296 -1.71755 -1.11939 -0.79707 
28.2091 8.22571 1.47074 -0.753583 -5.25319 -20.6406 14.9782 0.969006 -0.169048 0.149993 -0.0889438 -9.77039 -0.255631 -1.12656 -0.361478 0.131814 0.744836 1.09487 -14.0963 -3.26718 -0.443814 -0.301994 -1.98464 -9.55758 -14.8802 -1.95335 -0.255871 -0.222438 -1.23711 -9.9085 -8.30093 -1.28488 -0.133499 -0.132177 -1.08089 -5.93976 -14.4342 -9.86529 -7.15279 
-1.07284 1.04242 1.69894 -0.252855 -1.83078 -0.379646 4.55446 8.18548 4.29096 -0.467323 -5.38682 -7.8725 20.131 12.7247 4.19595 -0.309024 -5.31528 -15.2744 -0.0331663 1.13644 0.399657 0.0329815 0.632414 0.913239 7.70996 3.83121 0.491964 0.00815783 0.851504 5.27772 15.9808 2.67009 0.103627 -0.0904455 0.133456 4.7404 -0.195437 0.837119 1.45724 
2.88117 2.17985 1.11944 0.00380927 -1.08753 -2.13594 5.07759 3.29655 0.933383 -0.0324496 -0.974367 -3.12377 6.28677 1.78366 0.0836084 -0.028375 -0.1858 -1.89875 -2.04935 -1.42015 -0.450071 -0.0260156 -0.490369 -1.42421 -7.77142 -4.42127 -0.899046 -0.0669259 -0.990506 -4.5518 -18.7317 -6.22679 -0.718432 -0.0653007 -0.910852 -6.63363 -1.59877 -1.80543 -1.86625 
0.201513 0.0899485 0.340215 0.699703 -0.26568 -0.836798 4.30071 1.4432 5.11327 3.80313 -0.708998 -5.34657 17.1357 13.8853 13.2205 5.9739 -0.374235 -8.31544 -0.00587119 -0.174635 0.261534 0.19534 0.000998943 0.278866 3.55158 1.94447 2.88169 0.619287 -0.0998163 1.06217 8.37074 14.5289 4.38759 0.387643 -0.361884 0.0344018 -0.22078 -0.0370701 0.182492 
9.84732 5.82942 2.03377 -0.127872 -2.31231 -6.09553 9.96446 4.60255 1.049 -0.132088 -1.31581 -4.90839 5.94682 1.83313 0.155185 -0.120462 -0.420844 -2.07977 0.000694945 0.15506 0.07066 0.0194937 0.105996 0.241634 1.11091 0.623615 0.144366 0.0367526 0.188428 0.698019 2.22386 0.801968 0.148849 0.0450461 0.180801 0.881255 -0.0304976 0.185339 0.261969 
2.84112 1.7616 0.679557 -0.00609224 -0.69115 -1.77856 3.56182 1.76432 0.397093 -0.0256529 -0.424844 -1.75154 2.85898 0.818154 -0.0423504 -0.041757 -0.0328712 -0.824304 0.785104 0.539845 0.135313 -0.0127979 0.170072 0.575624 2.71898 1.47475 0.303907 0.0166283 0.368189 1.60037 5.44441 2.23566 0.331062 0.0296748 0.402161 2.44772 0.595697 0.699283 0.710917 
9.35033 6.79975 2.71753 0.0432994 -2.72836 -6.68755 13.126 6.2168 1.64206 0.112105 -1.50635 -6.46094 8.65961 3.0272 0.718307 0.14276 -0.482709 -3.1752 9.2006 3.71934 0.725103 0.283668 0.560152 3.33792 7.35507 1.48192 0.164968 0.118655 0.0168914 1.09518 -1.49575 -0.94854 -0.109406 0.0288292 -0.162169 -1.28612 9.46566 5.97541 3.90156 
0.233212 0.275151 0.0603489 -0.170048 -0.182831 -0.143088 1.57573 1.54075 -0.160792 -1.21336 -1.00605 -0.668008 7.01511 3.01146 -0.965639 -3.65021 -4.50069 -3.88154 0.0985531 0.0410317 0.00957001 0.0695061 0.14226 0.159937 0.894488 0.186159 0.0494107 0.42451 0.706744 0.745591 2.88171 -0.114889 0.0182507 0.988772 3.12056 4.45337 0.119978 0.143029 0.161575 
30.5535 20.4454 8.63922 0.415164 -7.87713 -19.066 38.434 22.5755 8.31037 0.390678 -7.35771 -20.7721 38.5225 20.3599 6.55849 0.33947 -5.66948 -18.4672 -10.3376 -3.87183 -0.620533 -0.105307 -0.44719 -3.01107 -9.6752 -3.05101 -0.504596 -0.179741 -0.428256 -2.15472 -5.97759 -2.19134 -0.60906 -0.342623 -0.727269 -2.05741 -10.0415 -5.8977 -3.93196 
5.56912 5.03132 2.53284 -0.496346 -3.39769 -5.14979 12.1799 8.28935 3.03226 -0.600206 -4.42099 -9.6739 17.6609 8.1976 2.18042 -0.561703 -3.55558 -10.7561 3.74368 1.65338 0.292396 0.0541123 0.597081 2.21454 7.75439 2.02279 0.197002 0.0291574 0.491152 3.55764 7.37907 0.887265 -0.0045661 -0.0147112 0.148042 2.16832 3.33497 2.85748 2.43864 
25.7164 21.639 9.42718 -0.732531 -11.7031 -22.0375 45.8824 27.4799 10.333 -0.697592 -12.4578 -30.4549 54.6667 27.9384 8.88093 -0.39568 -10.6134 -31.7856 -22.7663 -8.21359 -1.05981 -0.111153 -1.61445 -9.37994 -28.2477 -6.13056 -0.761814 -0.148125 -1.05527 -7.79116 -18.9094 -5.12824 -0.890473 -0.16789 -1.49947 -6.3055 -22.2539 -14.5818 -10.3083 
0.743804 0.660552 0.471609 0.250057 -0.0607748 -0.441962 1.18463 0.951333 0.639138 0.345343 -0.075494 -0.683503 1.73647 1.27199 0.822199 0.429579 -0.105793 -0.937867 -0.0129783 -0.0189159 -0.0123684 -0.00218562 0.00636779 0.00365447 -0.0498405 -0.0496752 -0.0335998 -0.013355 0.0071806 0.0058769 -0.0808861 -0.093734 -0.0647745 -0.0264062 0.00304649 0.0051647 -0.00785479 -0.0110773 -0.0122387 
3.50332 2.79222 1.51728 0.0393676 -1.45453 -2.7742 6.14871 4.53422 2.09273 0.0551397 -1.99105 -4.49291 9.03161 5.72183 2.15014 0.0683273 -2.03071 -5.64548 -0.495199 -0.276005 -0.070059 -0.00717566 -0.0642327 -0.270556 -1.09555 -0.482661 -0.0867515 -0.00300298 -0.0707702 -0.473675 -1.44364 -0.508191 -0.0717415 0.00958663 -0.0270561 -0.482093 -0.453502 -0.387761 -0.335883 
31.3126 14.4426 4.49088 -1.1529 -7.92805 -22.0496 30.1443 10.4933 2.63759 -0.664259 -4.75093 -17.7715 19.7491 5.7164 1.22821 -0.303753 -2.50736 -10.4361 -17.5378 -4.94816 -0.814174 -0.248223 -1.98623 -9.04372 -22.786 -5.19596 -0.8239 -0.240324 -1.7254 -11.8449 -20.2854 -4.47233 -0.631242 -0.207293 -1.39651 -9.06631 -16.2371 -11.1076 -8.37107 
